4 0.5540865384615384 0.030120481927710843 0.1466346153846154 0.060240963855421686
3 0.5666586538461538 0.3513253012048193 0.11408653846153846 0.04240963855421687
4 0.36538461538461536 0.3578313253012048 0.16346153846153846 0.21445783132530122
4 0.5528846153846154 0.3578313253012048 0.14423076923076922 0.1710843373493976
6 0.4115264423076923 0.3706144578313253 0.07305288461538462 0.052072289156626504
4 0.36658653846153844 0.04096385542168675 0.1658653846153846 0.0819277108433735
4 0.04326923076923077 0.42168674698795183 0.07692307692307693 0.12530120481927712
4 0.6430288461538461 0.42168674698795183 0.06971153846153846 0.07710843373493977
6 0.905108173076923 0.44686746987951803 0.05060096153846154 0.04072289156626506
4 0.8725961538461539 0.4493975903614458 0.10576923076923077 0.13734939759036144
4 0.7596153846153846 0.4614457831325301 0.0625 0.08433734939759036
4 0.7824519230769231 0.4734939759036145 0.07451923076923077 0.09397590361445783
7 0.6505528846153846 0.788710843373494 0.07995192307692307 0.09790361445783133
7 0.6527403846153846 0.8658433734939759 0.07951923076923076 0.10759036144578313