5 0.4387019230769231 0.26265060240963856 0.13221153846153846 0.17349397590361446
6 0.45844951923076926 0.26557831325301207 0.07555288461538462 0.020313253012048192
5 0.19110576923076922 0.3469879518072289 0.09375 0.09156626506024096
6 0.19682692307692307 0.3606144578313253 0.042692307692307696 0.0176144578313253
5 0.12139423076923077 0.38313253012048193 0.07451923076923077 0.07710843373493977
5 0.03245192307692308 0.43253012048192774 0.055288461538461536 0.06987951807228916
2 0.3481610576923077 0.47689156626506024 0.06170673076923077 0.04775903614457831
2 0.23126201923076922 0.4812650602409638 0.05867788461538462 0.0372289156626506
2 0.6916346153846155 0.4992409638554217 0.08038461538461537 0.078
2 0.09492788461538462 0.49989156626506026 0.05043269230769231 0.04074698795180723
2 0.580420673076923 0.5058192771084337 0.08391826923076923 0.09597590361445783
2 0.051875 0.5343012048192771 0.05567307692307692 0.03727710843373494
5 0.4375 0.0819277108433735 0.1346153846153846 0.163855421686747
5 0.18990384615384615 0.01927710843373494 0.09615384615384616 0.03855421686746988