5 0.7788461538461539 0.37710843373493974 0.052884615384615384 0.04578313253012048
5 0.6598557692307693 0.38072289156626504 0.040865384615384616 0.02891566265060241
5 0.5745192307692307 0.40240963855421685 0.04807692307692308 0.03855421686746988
5 0.453125 0.41204819277108434 0.04567307692307692 0.03855421686746988
3 0.5874158653846154 0.44949397590361445 0.016177884615384615 0.026698795180722892
5 0.3329326923076923 0.4602409638554217 0.036057692307692304 0.03855421686746988
3 0.4126201923076923 0.4768795180722892 0.02235576923076923 0.018819277108433733
3 0.5124759615384615 0.4777590361445783 0.01533653846153846 0.030216867469879515
5 0.6586538461538461 0.006024096385542169 0.04326923076923077 0.012048192771084338
3 0.49390625 0.48609638554216866 0.021466346153846152 0.03243373493975904
5 0.7800480769230769 0.010843373493975903 0.055288461538461536 0.021686746987951807