3 0.4217908653846154 0.25206024096385543 0.06473557692307692 0.041469879518072295
5 0.8233173076923077 0.25662650602409637 0.17067307692307693 0.18072289156626506
4 0.43149038461538464 0.26506024096385544 0.07451923076923077 0.10602409638554217
4 0.5865384615384616 0.2674698795180723 0.0625 0.07228915662650602
3 0.4890865384615385 0.26674698795180724 0.08875000000000001 0.03228915662650603
4 0.6670673076923077 0.27349397590361446 0.06971153846153846 0.09397590361445783
4 0.7091346153846154 0.2746987951807229 0.038461538461538464 0.07710843373493977
4 0.49759615384615385 0.2783132530120482 0.11057692307692307 0.12289156626506025
4 0.9350961538461539 0.27951807228915665 0.057692307692307696 0.07228915662650602
4 0.08653846153846154 0.28072289156626506 0.07211538461538461 0.09397590361445783
6 0.13846153846153847 0.29863855421686747 0.06057692307692308 0.03342168674698795
4 0.14783653846153846 0.3 0.09375 0.1180722891566265
6 0.14043269230769231 0.03344578313253012 0.05490384615384615 0.0331566265060241
4 0.1466346153846154 0.04578313253012048 0.09615384615384616 0.09156626506024096
4 0.08653846153846154 0.051807228915662654 0.07211538461538461 0.09397590361445783
4 0.9350961538461539 0.05301204819277108 0.057692307692307696 0.07228915662650602
7 0.1410216346153846 0.547012048192771 0.041658653846153845 0.06751807228915663
7 0.10737980769230769 0.5551204819277108 0.06091346153846154 0.05
4 0.4987980769230769 0.05783132530120482 0.11298076923076923 0.11566265060240964
4 0.6670673076923077 0.05903614457831325 0.06971153846153846 0.09397590361445783
4 0.7115384615384616 0.05783132530120482 0.038461538461538464 0.07710843373493977
4 0.5865384615384616 0.06506024096385542 0.0625 0.07228915662650602
4 0.43149038461538464 0.06746987951807229 0.07451923076923077 0.10602409638554217
7 0.5753966346153846 0.7838915662650602 0.12194711538461538 0.10272289156626507
5 0.8221153846153846 0.08313253012048193 0.17307692307692307 0.16626506024096385
7 0.5788822115384615 0.8772409638554217 0.12891826923076924 0.11110843373493975