6 0.8253485576923077 0.29457831325301204 0.13627403846153846 0.04939759036144578
5 0.8076923076923077 0.3036144578313253 0.2548076923076923 0.2746987951807229
6 0.8275360576923076 0.03250602409638554 0.13584134615384616 0.06501204819277108
5 0.24278846153846154 0.3253012048192771 0.23076923076923078 0.24096385542168675
6 0.25878605769230767 0.3320481927710844 0.11853365384615386 0.07614457831325301
5 0.4879807692307692 0.41686746987951806 0.16346153846153846 0.20240963855421687
6 0.4952043269230769 0.4286867469879518 0.0913701923076923 0.052554216867469875
7 0.5408653846153846 0.5770481927710843 0.16826923076923078 0.19506024096385544
7 0.5454567307692307 0.5862530120481928 0.18706730769230767 0.17973493975903615
5 0.2439903846153846 0.06506024096385542 0.23317307692307693 0.13012048192771083
7 0.10932692307692307 0.7494939759036146 0.20423076923076922 0.11585542168674698
5 0.8088942307692307 0.08433734939759036 0.25721153846153844 0.1686746987951807
7 0.10977163461538461 0.8952168674698795 0.2099278846153846 0.14224096385542168