5 0.6382211538461539 0.027644230769230768 0.06971153846153846 0.055288461538461536
5 0.6370192307692307 0.3245192307692308 0.0673076923076923 0.08173076923076923
2 0.18493990384615386 0.4525721153846154 0.038149038461538456 0.049374999999999995
2 0.3746033653846154 0.4967307692307692 0.03286057692307692 0.04153846153846154
2 0.7659254807692307 0.5168389423076923 0.03665865384615385 0.06252403846153846
5 0.4735576923076923 0.59375 0.07211538461538461 0.09134615384615384
2 0.503954326923077 0.7048317307692307 0.04637019230769231 0.03466346153846154
2 0.4517307692307692 0.7771875 0.062115384615384614 0.049567307692307695
2 0.4558774038461539 0.8827764423076924 0.05117788461538461 0.03959134615384615
2 0.5107211538461539 0.9505408653846155 0.06471153846153846 0.040504807692307694
5 0.3473557692307692 0.10216346153846154 0.0889423076923077 0.09375
5 0.859375 0.10697115384615384 0.14182692307692307 0.10817307692307693
5 0.859375 0.23197115384615385 0.14182692307692307 0.10817307692307693
5 0.3473557692307692 0.23677884615384615 0.0889423076923077 0.09375