5 0.5528846153846154 0.4457831325301205 0.07692307692307693 0.10602409638554217
6 0.5458774038461539 0.448433734939759 0.058100961538461546 0.019759036144578312
5 0.4206730769230769 0.4674698795180723 0.057692307692307696 0.0819277108433735
5 0.47475961538461536 0.472289156626506 0.05048076923076923 0.07228915662650602
5 0.18389423076923078 0.472289156626506 0.06009615384615385 0.07228915662650602
6 0.4695913461538461 0.47077108433734943 0.03533653846153846 0.021060240963855423
5 0.359375 0.4807228915662651 0.05048076923076923 0.06987951807228916
5 0.2536057692307692 0.4879518072289157 0.055288461538461536 0.06987951807228916
5 0.3317307692307692 0.4903614457831325 0.03365384615384615 0.06987951807228916
7 0.09121394230769231 0.6550361445783132 0.03338942307692308 0.03778313253012048
7 0.2627283653846154 0.6600722891566265 0.02064903846153846 0.028578313253012046
7 0.20373798076923075 0.6642409638554218 0.02766826923076923 0.041734939759036145
7 0.4113100961538461 0.6789277108433734 0.034158653846153846 0.042192771084337354
7 0.3068629807692308 0.6822048192771084 0.022379807692307692 0.02946987951807229
7 0.5935336538461539 0.7041204819277108 0.038028846153846156 0.044385542168674706