5 0.9170673076923077 0.033734939759036145 0.15625 0.06746987951807229
5 0.9158653846153846 0.3481927710843373 0.15384615384615385 0.16626506024096385
6 0.8770072115384615 0.36280722891566264 0.06170673076923077 0.022000000000000002
5 0.06490384615384616 0.38313253012048193 0.12980769230769232 0.14457831325301204
5 0.4326923076923077 0.39397590361445783 0.057692307692307696 0.07951807228915662
5 0.5444711538461539 0.39518072289156625 0.06009615384615385 0.0819277108433735
5 0.20552884615384615 0.3963855421686747 0.10817307692307693 0.1180722891566265
6 0.11262019230769231 0.39997590361445784 0.042548076923076925 0.043325301204819276
6 0.4447355769230769 0.40260240963855426 0.02889423076923077 0.01966265060240964
5 0.3713942307692308 0.4072289156626506 0.07932692307692307 0.10120481927710843
3 0.552451923076923 0.4083012048192771 0.03759615384615385 0.026240963855421687
6 0.23344951923076923 0.4104939759036144 0.048629807692307694 0.02580722891566265
6 0.3951442307692308 0.4102771084337349 0.025865384615384616 0.015734939759036146
5 0.7175480769230769 0.42891566265060244 0.07932692307692307 0.08674698795180723
3 0.7008413461538462 0.43507228915662655 0.04591346153846154 0.026771084337349395
7 0.5736538461538461 0.5537951807228916 0.03673076923076923 0.03289156626506024
7 0.28479567307692305 0.5998192771084337 0.03112980769230769 0.03819277108433735
7 0.3588701923076923 0.6493373493975905 0.03985576923076923 0.021566265060240963
7 0.7130528846153846 0.6567831325301204 0.036682692307692305 0.031638554216867475
7 0.04903846153846154 0.7332650602409638 0.06442307692307693 0.04966265060240964
7 0.04751201923076923 0.9225903614457831 0.046947115384615386 0.0427710843373494