5 0.5420673076923077 0.3602409638554217 0.09375 0.1566265060240964
6 0.5369471153846154 0.3614096385542169 0.06427884615384614 0.028843373493975904
5 0.6165865384615384 0.3674698795180723 0.11298076923076923 0.1614457831325301
6 0.607295673076923 0.3874819277108434 0.07036057692307693 0.042433734939759035
5 0.09375 0.39156626506024095 0.15384615384615385 0.21927710843373494
5 0.9759615384615384 0.4 0.04326923076923077 0.15903614457831325
5 0.2932692307692308 0.40120481927710844 0.12980769230769232 0.18072289156626506
5 0.7211538461538461 0.40481927710843374 0.10096153846153846 0.1493975903614458
5 0.7848557692307693 0.4036144578313253 0.06971153846153846 0.13253012048192772
6 0.7864663461538461 0.40522891566265057 0.04408653846153846 0.02491566265060241
6 0.12856971153846153 0.4069879518072289 0.050408653846153846 0.028433734939759037
5 0.375 0.40963855421686746 0.052884615384615384 0.12530120481927712
5 0.8858173076923077 0.41445783132530123 0.12259615384615384 0.1686746987951807
6 0.8721153846153846 0.4166265060240964 0.06153846153846154 0.028433734939759037
6 0.7176322115384616 0.4175060240963855 0.06507211538461538 0.030192771084337346
5 0.42788461538461536 0.43734939759036146 0.0673076923076923 0.09879518072289156
6 0.30227163461538464 0.44183132530120484 0.06608173076923077 0.030650602409638555
7 0.8778004807692308 0.7124578313253013 0.07771634615384615 0.07551807228915662
7 0.9592908653846154 0.7229759036144578 0.04838942307692307 0.06763855421686747
7 0.25639423076923074 0.7911204819277108 0.08009615384615384 0.08344578313253012
7 0.11240384615384616 0.7933132530120482 0.10461538461538462 0.09265060240963856
7 0.7643990384615384 0.8185060240963855 0.06245192307692308 0.07556626506024096
7 0.5011057692307692 0.8257349397590361 0.045480769230769234 0.05628915662650602