5 0.7091346153846154 0.02891566265060241 0.13942307692307693 0.05783132530120482
5 0.26802884615384615 0.3096385542168675 0.06971153846153846 0.08433734939759036
5 0.7103365384615384 0.3289156626506024 0.13701923076923078 0.16626506024096385
6 0.8801923076923077 0.34628915662650606 0.10653846153846154 0.0516144578313253
2 0.1700841346153846 0.34781927710843374 0.046899038461538464 0.03539759036144578
5 0.8966346153846154 0.3542168674698795 0.15865384615384615 0.18313253012048192
2 0.7670192307692307 0.3912168674698795 0.08692307692307691 0.10773493975903614
5 0.37259615384615385 0.4457831325301205 0.08173076923076923 0.07228915662650602
5 0.609375 0.5253012048192771 0.0985576923076923 0.12048192771084337
5 0.49759615384615385 0.5289156626506024 0.10576923076923077 0.13253012048192772
2 0.39579326923076924 0.5776867469879519 0.03197115384615385 0.03730120481927711
2 0.5998677884615384 0.6103373493975903 0.06992788461538461 0.0592289156626506
5 0.2668269230769231 0.018072289156626505 0.07211538461538461 0.03614457831325301
2 0.9083774038461538 0.19795180722891567 0.11963942307692309 0.11156626506024096
5 0.8978365384615384 0.021686746987951807 0.16105769230769232 0.043373493975903614