5 0.8353365384615384 0.3112980769230769 0.11298076923076923 0.12740384615384615
5 0.6394230769230769 0.03125 0.12980769230769232 0.0625
5 0.6935096153846154 0.32091346153846156 0.0985576923076923 0.1466346153846154
5 0.640625 0.36177884615384615 0.12740384615384615 0.14182692307692307
5 0.5300480769230769 0.39903846153846156 0.14182692307692307 0.12980769230769232
5 0.296875 0.4266826923076923 0.13701923076923078 0.1466346153846154
7 0.81203125 0.5212139423076922 0.05194711538461538 0.06165865384615384
2 0.7036538461538462 0.5253605769230769 0.046730769230769235 0.050721153846153846
5 0.6923076923076923 0.052884615384615384 0.10096153846153846 0.10576923076923077
5 0.8341346153846154 0.052884615384615384 0.11538461538461539 0.10576923076923077
2 0.6579927884615385 0.5771754807692308 0.07079326923076923 0.0630048076923077
2 0.5323557692307692 0.6421033653846154 0.06951923076923078 0.07747596153846154
2 0.26556490384615383 0.6801322115384616 0.06478365384615384 0.06699519230769231