5 0.29447115384615385 0.3265060240963855 0.16105769230769232 0.14216867469879518
3 0.3136418269230769 0.3307349397590361 0.08882211538461539 0.059060240963855426
7 0.35471153846153847 0.38902409638554214 0.07961538461538462 0.09853012048192772
7 0.7825240384615384 0.427144578313253 0.07947115384615386 0.059108433734939764
5 0.4483173076923077 0.44457831325301206 0.14182692307692307 0.17590361445783131
3 0.47117788461538457 0.45869879518072293 0.07697115384615386 0.04992771084337349
3 0.47751201923076925 0.06362650602409639 0.09925480769230768 0.05978313253012048
7 0.7864663461538461 0.07765060240963856 0.07293269230769231 0.07819277108433735
5 0.44711538461538464 0.07951807228915662 0.14423076923076922 0.15903614457831325
5 0.44711538461538464 0.9710843373493976 0.14423076923076922 0.04819277108433735
7 0.35252403846153846 0.12980722891566265 0.07043269230769231 0.09575903614457831
3 0.3190985576923077 0.17690361445783132 0.06608173076923077 0.04055421686746988
5 0.29447115384615385 0.1891566265060241 0.16105769230769232 0.14216867469879518