5 0.054086538461538464 0.5420673076923077 0.036057692307692304 0.036057692307692304
5 0.8990384615384616 0.5420673076923077 0.03365384615384615 0.04567307692307692
5 0.8004807692307693 0.5432692307692307 0.04807692307692308 0.052884615384615384
5 0.39783653846153844 0.546875 0.04567307692307692 0.055288461538461536
5 0.5625 0.5480769230769231 0.04807692307692308 0.0673076923076923
5 0.6382211538461539 0.5492788461538461 0.036057692307692304 0.04567307692307692
5 0.6778846153846154 0.5492788461538461 0.03365384615384615 0.05048076923076923
5 0.96875 0.5480769230769231 0.04807692307692308 0.057692307692307696
5 0.2764423076923077 0.5504807692307693 0.03365384615384615 0.04807692307692308
5 0.49399038461538464 0.5516826923076923 0.03125 0.04567307692307692
5 0.22716346153846154 0.5588942307692307 0.03125 0.04567307692307692
5 0.7199519230769231 0.5625 0.040865384615384616 0.052884615384615384
5 0.0829326923076923 0.5625 0.036057692307692304 0.04807692307692308
5 0.5204326923076923 0.5661057692307693 0.036057692307692304 0.05048076923076923
5 0.13341346153846154 0.5649038461538461 0.040865384615384616 0.04807692307692308
5 0.3161057692307692 0.5697115384615384 0.04567307692307692 0.057692307692307696
4 0.9362980769230769 0.5997596153846154 0.06971153846153846 0.06971153846153846
7 0.5126923076923077 0.6982692307692309 0.025384615384615387 0.02634615384615385
7 0.5987740384615384 0.703954326923077 0.029278846153846152 0.032908653846153844
7 0.9153846153846155 0.7070192307692308 0.04230769230769231 0.04384615384615384
7 0.6853004807692307 0.7081129807692308 0.02925480769230769 0.02199519230769231
7 0.7698677884615385 0.7094230769230769 0.02050480769230769 0.029423076923076923