4 0.640625 0.47115384615384615 0.05048076923076923 0.0625
5 0.4579326923076923 0.4735576923076923 0.04567307692307692 0.052884615384615384
4 0.3629807692307692 0.47596153846153844 0.052884615384615384 0.057692307692307696
4 0.3088942307692308 0.484375 0.036057692307692304 0.040865384615384616
5 0.5456730769230769 0.49158653846153844 0.04807692307692308 0.05048076923076923
4 0.2439903846153846 0.49399038461538464 0.040865384615384616 0.04567307692307692
4 0.7283653846153846 0.49759615384615385 0.03365384615384615 0.03365384615384615
4 0.9050480769230769 0.5 0.03125 0.03365384615384615
7 0.4425480769230769 0.5848197115384616 0.029326923076923077 0.030216346153846156
7 0.2627283653846154 0.5885336538461539 0.030264423076923078 0.03283653846153846
7 0.3225961538461538 0.5889783653846153 0.03461538461538462 0.02891826923076923
7 0.5867668269230769 0.5977163461538462 0.024495192307692308 0.02716346153846154
7 0.5120312499999999 0.5990264423076923 0.019254807692307693 0.02497596153846154