6 0.017139423076923076 0.37671875 0.03427884615384615 0.04670673076923077
6 0.31069711538461536 0.37876201923076924 0.03485576923076923 0.041177884615384616
7 0.4980528846153846 0.39858173076923076 0.05379807692307692 0.06158653846153846
5 0.2824519230769231 0.41466346153846156 0.18028846153846154 0.11778846153846154
5 0.06610576923076923 0.41346153846153844 0.13221153846153846 0.1201923076923077
5 0.02403846153846154 0.53125 0.04807692307692308 0.13942307692307693
5 0.3581730769230769 0.5324519230769231 0.16346153846153846 0.13701923076923078
2 0.5124639423076923 0.12730769230769232 0.09704326923076922 0.14884615384615385
7 0.47073317307692303 0.1563701923076923 0.06165865384615384 0.053125000000000006
6 0.33658653846153846 0.15877403846153845 0.05298076923076923 0.029086538461538462
5 0.3016826923076923 0.1622596153846154 0.12259615384615384 0.11298076923076923
5 0.042067307692307696 0.16105769230769232 0.08413461538461539 0.11538461538461539
5 0.5192307692307693 0.18028846153846154 0.14423076923076922 0.14903846153846154
7 0.49084134615384617 0.2158293269230769 0.09225961538461538 0.061466346153846156