5 0.6430288461538461 0.02650602409638554 0.0985576923076923 0.05301204819277108
5 0.14783653846153846 0.2746987951807229 0.13701923076923078 0.15903614457831325
6 0.15566105769230767 0.29851807228915667 0.08536057692307691 0.04281927710843374
6 0.15792067307692306 0.03695180722891567 0.08026442307692308 0.025710843373493976
5 0.6418269230769231 0.3493975903614458 0.09615384615384616 0.13493975903614458
5 0.3918269230769231 0.35542168674698793 0.09134615384615384 0.1180722891566265
6 0.6376682692307691 0.3709036144578314 0.05899038461538461 0.023734939759036143
6 0.40628605769230763 0.37083132530120483 0.05295673076923077 0.028409638554216864
5 0.9543269230769231 0.3819277108433735 0.08173076923076923 0.12289156626506025
5 0.2956730769230769 0.3963855421686747 0.057692307692307696 0.08433734939759036
5 0.5408653846153846 0.3963855421686747 0.057692307692307696 0.0746987951807229
5 0.8822115384615384 0.42168674698795183 0.03365384615384615 0.05783132530120482
5 0.78125 0.42650602409638555 0.0673076923076923 0.06746987951807229
3 0.7941706730769231 0.43550602409638556 0.03545673076923077 0.022819277108433737
7 0.4071514423076923 0.46177108433734937 0.06430288461538461 0.05125301204819277
7 0.7733533653846153 0.5459156626506024 0.037091346153846155 0.03640963855421687
7 0.4938942307692308 0.556433734939759 0.031057692307692307 0.03816867469879518
7 0.4497596153846154 0.6177831325301205 0.03894230769230769 0.05002409638554217
7 0.9891826923076923 0.6337349397590362 0.021634615384615384 0.043373493975903614
7 0.5264543269230769 0.6346626506024096 0.04329326923076923 0.05968674698795181
7 0.8531129807692307 0.6443012048192771 0.042764423076923075 0.050048192771084334
7 0.24372596153846154 0.6478072289156626 0.040336538461538465 0.08597590361445782
5 0.1466346153846154 0.06987951807228916 0.13942307692307693 0.13975903614457832
5 0.39302884615384615 0.018072289156626505 0.09375 0.03614457831325301