4 0.6658653846153846 0.3701923076923077 0.057692307692307696 0.0625
4 0.5024038461538461 0.4519230769230769 0.052884615384615384 0.0673076923076923
4 0.2608173076923077 0.4699519230769231 0.05048076923076923 0.07932692307692307
4 0.32091346153846156 0.4699519230769231 0.055288461538461536 0.06971153846153846
4 0.7115384615384616 0.47115384615384615 0.0625 0.07692307692307693
7 0.6405168269230769 0.4790144230769231 0.035841346153846154 0.030144230769230767
4 0.2091346153846154 0.4855769230769231 0.057692307692307696 0.08173076923076923
4 0.8040865384615384 0.5120192307692307 0.0889423076923077 0.10576923076923077
7 0.5247115384615385 0.5323557692307692 0.02057692307692308 0.02625
7 0.24109375 0.5668990384615384 0.03507211538461538 0.03764423076923077
7 0.7877764423076923 0.6350961538461538 0.051514423076923076 0.044230769230769226