5 0.15625 0.3301204819277108 0.1778846153846154 0.19759036144578312
6 0.17948317307692305 0.3506746987951807 0.08973557692307692 0.041108433734939755
4 0.2668269230769231 0.37349397590361444 0.11057692307692307 0.15421686746987953
5 0.9098557692307693 0.3927710843373494 0.1658653846153846 0.20240963855421687
6 0.8917788461538462 0.4196987951807229 0.07682692307692308 0.049036144578313255
5 0.15745192307692307 0.051807228915662654 0.18028846153846154 0.10361445783132531
7 0.2845793269230769 0.6156024096385542 0.06435096153846154 0.06975903614457832
7 0.8633774038461539 0.6486867469879518 0.09694711538461538 0.07809638554216866
7 0.935360576923077 0.7030361445783132 0.08225961538461538 0.08559036144578314
4 0.26802884615384615 0.01927710843373494 0.11298076923076923 0.03855421686746988
5 0.9086538461538461 0.021686746987951807 0.16826923076923078 0.043373493975903614