5 0.24519230769230768 0.38072289156626504 0.09134615384615384 0.11566265060240964
5 0.7067307692307693 0.3819277108433735 0.10096153846153846 0.10843373493975904
5 0.5372596153846154 0.38674698795180723 0.06490384615384616 0.08433734939759036
5 0.6802884615384616 0.38795180722891565 0.0673076923076923 0.08674698795180723
6 0.25858173076923074 0.3879277108433735 0.050817307692307696 0.028867469879518073
5 0.453125 0.39518072289156625 0.07451923076923077 0.0963855421686747
3 0.5296995192307692 0.39959036144578314 0.05459134615384616 0.018457831325301204
5 0.9170673076923077 0.40602409638554215 0.055288461538461536 0.0746987951807229
6 0.4538581730769231 0.40879518072289156 0.04713942307692308 0.02240963855421687
5 0.019230769230769232 0.43253012048192774 0.028846153846153848 0.04578313253012048
5 0.06129807692307692 0.43614457831325304 0.04567307692307692 0.06746987951807229
5 0.8088942307692307 0.4566265060240964 0.05048076923076923 0.0746987951807229
7 0.5113822115384615 0.5016506024096385 0.05641826923076923 0.05390361445783133
7 0.20155048076923077 0.6112168674698795 0.07137019230769232 0.051349397590361445
7 0.6407331730769231 0.6616144578313253 0.03146634615384615 0.046120481927710844
7 0.7692067307692307 0.6819999999999999 0.05764423076923077 0.07243373493975903
5 0.7079326923076923 0.012048192771084338 0.10336538461538461 0.024096385542168676
5 0.24639423076923078 0.01566265060240964 0.09375 0.03132530120481928