4 0.7944711538461539 0.38313253012048193 0.04567307692307692 0.05783132530120482
4 0.8569711538461539 0.39518072289156625 0.04567307692307692 0.05301204819277108
4 0.9867788461538461 0.40481927710843374 0.021634615384615384 0.05783132530120482
4 0.4326923076923077 0.40843373493975904 0.057692307692307696 0.06987951807228916
6 0.4268269230769231 0.4093975903614458 0.03634615384615385 0.013975903614457831
5 0.025240384615384616 0.41204819277108434 0.04567307692307692 0.11566265060240964
4 0.5408653846153846 0.41325301204819276 0.057692307692307696 0.06987951807228916
4 0.9206730769230769 0.41686746987951806 0.03365384615384615 0.05301204819277108
4 0.8088942307692307 0.42289156626506025 0.05048076923076923 0.06987951807228916
3 0.8067908653846154 0.4321807228915662 0.04146634615384615 0.020987951807228917
4 0.35096153846153844 0.43253012048192774 0.0673076923076923 0.06506024096385542
6 0.9520913461538462 0.4343734939759036 0.03399038461538462 0.020554216867469877
4 0.9483173076923077 0.43493975903614457 0.04567307692307692 0.06506024096385542
6 0.8518028846153847 0.44073493975903616 0.03533653846153846 0.028457831325301206
4 0.8485576923076923 0.4469879518072289 0.04326923076923077 0.06987951807228916
4 0.4651442307692308 0.4530120481927711 0.04567307692307692 0.06746987951807229
4 0.5048076923076923 0.4771084337349398 0.08173076923076923 0.0963855421686747
6 0.3568990384615385 0.48520481927710846 0.08879807692307692 0.04028915662650602
4 0.3605769230769231 0.4891566265060241 0.07692307692307693 0.0963855421686747
4 0.6490384615384616 0.5012048192771085 0.08173076923076923 0.1108433734939759
6 0.6448798076923077 0.5025301204819277 0.05418269230769231 0.026746987951807227
7 0.9370072115384616 0.5136987951807229 0.027860576923076922 0.02016867469879518
4 0.7043269230769231 0.516867469879518 0.057692307692307696 0.08433734939759036
7 0.8535456730769231 0.5555542168674699 0.03882211538461538 0.055686746987951806
7 0.6136298076923077 0.6460602409638554 0.05899038461538461 0.05356626506024097
7 0.6593028846153846 0.6964578313253011 0.07822115384615384 0.05797590361445783
7 0.4759855769230769 0.7650361445783133 0.052932692307692306 0.06019277108433735
7 0.23585336538461538 0.7643855421686747 0.04382211538461538 0.04443373493975904
7 0.24568509615384615 0.8943253012048192 0.07310096153846155 0.06816867469879517
7 0.4668028846153846 0.9000240963855421 0.048990384615384616 0.04583132530120482
7 0.6540504807692307 0.9587469879518072 0.06771634615384615 0.06207228915662651