5 0.4579326923076923 0.3168674698795181 0.06971153846153846 0.09879518072289156
5 0.2620192307692308 0.3301204819277108 0.0673076923076923 0.08674698795180723
3 0.2622956730769231 0.3313855421686747 0.04382211538461538 0.02180722891566265
5 0.9122596153846154 0.3566265060240964 0.06971153846153846 0.0819277108433735
3 0.9158173076923077 0.3636024096385542 0.04798076923076923 0.0187710843373494
7 0.8083173076923077 0.49616867469879516 0.03490384615384615 0.04775903614457831
7 0.6175721153846154 0.4955180722891566 0.04283653846153846 0.04163855421686747
7 0.05362980769230769 0.5090963855421687 0.03033653846153846 0.035060240963855425
7 0.5183774038461538 0.5165542168674699 0.03194711538461538 0.045156626506024096
7 0.18319711538461536 0.539566265060241 0.03466346153846154 0.05744578313253012
7 0.30774038461538467 0.5551204819277108 0.024134615384615383 0.04036144578313253
7 0.39645432692307697 0.5660722891566264 0.023677884615384615 0.04780722891566265
7 0.8526682692307692 0.573301204819277 0.027451923076923075 0.028530120481927712
7 0.9790625000000001 0.5829397590361446 0.03985576923076923 0.03816867469879518
7 0.715889423076923 0.09516867469879517 0.05197115384615385 0.021662650602409638
5 0.6947115384615384 0.09759036144578313 0.10576923076923077 0.1180722891566265
5 0.26322115384615385 0.012048192771084338 0.06971153846153846 0.024096385542168676
5 0.4567307692307692 0.020481927710843374 0.07211538461538461 0.04096385542168675
3 0.7093389423076922 0.20516867469879518 0.06290865384615385 0.044072289156626504
5 0.6947115384615384 0.21325301204819277 0.10576923076923077 0.1180722891566265