4 0.6069711538461539 0.43614457831325304 0.055288461538461536 0.05301204819277108
3 0.5987740384615384 0.4374819277108434 0.03889423076923077 0.01713253012048193
4 0.2848557692307692 0.44216867469879517 0.055288461538461536 0.06987951807228916
4 0.4735576923076923 0.4457831325301205 0.04807692307692308 0.06265060240963856
4 0.8245192307692307 0.4457831325301205 0.07692307692307693 0.08674698795180723
4 0.1201923076923077 0.4530120481927711 0.0673076923076923 0.0819277108433735
7 0.1770793269230769 0.49857831325301205 0.06088942307692307 0.04293975903614458
7 0.6110096153846154 0.5851325301204819 0.05375 0.03773493975903614
7 0.34728365384615384 0.5914939759036144 0.03110576923076923 0.036
7 0.24765625000000002 0.6094578313253012 0.043389423076923075 0.03819277108433735
7 0.8729927884615385 0.6458313253012048 0.03444711538461538 0.03383132530120482
4 0.4723557692307692 0.01325301204819277 0.05048076923076923 0.02650602409638554
4 0.12139423076923077 0.014457831325301205 0.06971153846153846 0.02891566265060241
4 0.28365384615384615 0.01566265060240964 0.057692307692307696 0.03132530120481928
4 0.6057692307692307 0.01566265060240964 0.057692307692307696 0.03132530120481928
4 0.8257211538461539 0.01927710843373494 0.07932692307692307 0.03855421686746988