5 0.10096153846153846 0.02650602409638554 0.08173076923076923 0.05301204819277108
6 0.5342908653846153 0.027963855421686747 0.04935096153846154 0.03183132530120482
5 0.5528846153846154 0.28313253012048195 0.09615384615384616 0.14216867469879518
5 0.2956730769230769 0.28674698795180725 0.08653846153846154 0.10120481927710843
5 0.8413461538461539 0.3036144578313253 0.0625 0.07710843373493977
6 0.5343149038461539 0.30466265060240966 0.049399038461538466 0.04546987951807229
5 0.10216346153846154 0.3301204819277108 0.07932692307692307 0.0963855421686747
5 0.8425480769230769 0.03493975903614458 0.06490384615384616 0.06987951807228916
2 0.10868990384615386 0.36534939759036145 0.03949519230769231 0.041542168674698794
2 0.8102764423076922 0.430433734939759 0.05805288461538461 0.05604819277108434
5 0.296875 0.04939759036144578 0.0889423076923077 0.09879518072289156
7 0.9064182692307692 0.4999036144578313 0.04841346153846154 0.05040963855421687
2 0.2502764423076923 0.5161084337349398 0.048629807692307694 0.04908433734939759
2 0.5421875 0.5314578313253012 0.06514423076923077 0.06532530120481927
2 0.3328725961538461 0.5316746987951807 0.04555288461538461 0.05130120481927711
5 0.5540865384615384 0.060240963855421686 0.0985576923076923 0.12048192771084337
6 0.8455288461538462 0.02030120481927711 0.04682692307692308 0.016506024096385543