5 0.4362980769230769 0.43012048192771085 0.12740384615384615 0.1614457831325301
5 0.1622596153846154 0.44216867469879517 0.18028846153846154 0.19518072289156627
6 0.4630889423076923 0.453 0.06560096153846154 0.024072289156626507
6 0.2078846153846154 0.45781927710843373 0.06961538461538462 0.038530120481927714
5 0.43509615384615385 0.05903614457831325 0.12980769230769232 0.1180722891566265
7 0.631983173076923 0.5914939759036144 0.07646634615384615 0.08901204819277107
5 0.16105769230769232 0.06144578313253012 0.18269230769230768 0.12289156626506025
7 0.27998798076923076 0.6537228915662651 0.08882211538461539 0.0496144578313253
7 0.2871995192307692 0.8548915662650601 0.06959134615384616 0.08086746987951808
7 0.6328605769230768 0.9258795180722892 0.07822115384615384 0.08308433734939759
6 0.4716105769230769 0.018481927710843372 0.044182692307692305 0.036963855421686745