6 0.07810096153846155 0.37146634615384616 0.06966346153846154 0.026586538461538464
4 0.47716346153846156 0.3786057692307692 0.09375 0.14182692307692307
4 0.057692307692307696 0.3786057692307692 0.09615384615384616 0.10817307692307693
4 0.17307692307692307 0.38221153846153844 0.1346153846153846 0.15384615384615385
6 0.49149038461538463 0.3942067307692308 0.07432692307692308 0.03360576923076923
4 0.90625 0.3942307692307692 0.16826923076923078 0.17307692307692307
3 0.19236778846153849 0.3963942307692308 0.09627403846153845 0.052403846153846155
4 0.7728365384615384 0.4026442307692308 0.07932692307692307 0.10336538461538461
4 0.3125 0.4050480769230769 0.10096153846153846 0.11298076923076923
4 0.5685096153846154 0.40625 0.07451923076923077 0.10576923076923077
6 0.32959134615384617 0.41453124999999996 0.07745192307692307 0.030985576923076925
3 0.7724759615384615 0.41650240384615383 0.05456730769230769 0.030120192307692306
4 0.6514423076923077 0.41947115384615385 0.0673076923076923 0.08413461538461539
3 0.6568990384615384 0.4234975961538462 0.049374999999999995 0.02487980769230769
7 0.6195312500000001 0.6307211538461538 0.04194711538461538 0.03548076923076923