5 0.9771634615384616 0.02403846153846154 0.040865384615384616 0.04807692307692308
5 0.9759615384615384 0.35697115384615385 0.038461538461538464 0.14182692307692307
5 0.30408653846153844 0.3737980769230769 0.0889423076923077 0.11778846153846154
5 0.5588942307692307 0.3786057692307692 0.08413461538461539 0.10336538461538461
3 0.5421875 0.38545673076923076 0.04591346153846154 0.03533653846153846
7 0.23694711538461538 0.39465144230769234 0.055625 0.06814903846153847
5 0.7776442307692307 0.39783653846153844 0.0889423076923077 0.11778846153846154
5 0.14423076923076922 0.4050480769230769 0.052884615384615384 0.06971153846153846
5 0.96875 0.4170673076923077 0.038461538461538464 0.09375
5 0.1045673076923077 0.41586538461538464 0.036057692307692304 0.057692307692307696
5 0.46033653846153844 0.4266826923076923 0.05048076923076923 0.06971153846153846
5 0.36538461538461536 0.4326923076923077 0.057692307692307696 0.07211538461538461
5 0.6574519230769231 0.44591346153846156 0.040865384615384616 0.05048076923076923
7 0.3459735576923077 0.45737980769230774 0.042908653846153846 0.04456730769230769
7 0.9400721153846153 0.5804447115384616 0.019567307692307693 0.04069711538461539
7 0.7187259615384616 0.583076923076923 0.04322115384615385 0.03634615384615385
7 0.605985576923077 0.6038341346153846 0.05331730769230769 0.053822115384615385
7 0.7427644230769231 0.6431850961538461 0.04802884615384616 0.04598557692307692