5 0.421875 0.027710843373493974 0.06490384615384616 0.05542168674698795
5 0.7139423076923077 0.30481927710843376 0.08653846153846154 0.11325301204819277
5 0.5661057692307693 0.31204819277108437 0.06971153846153846 0.09397590361445783
5 0.4206730769230769 0.3168674698795181 0.0625 0.07951807228915662
6 0.7102043269230769 0.32108433734939756 0.06463942307692308 0.030120481927710843
6 0.5603245192307692 0.3199879518072289 0.024495192307692308 0.018289156626506025
6 0.4252884615384615 0.3230602409638554 0.04288461538461538 0.019614457831325302
5 0.3473557692307692 0.3313253012048193 0.055288461538461536 0.0746987951807229
5 0.5649038461538461 0.033734939759036145 0.07211538461538461 0.06746987951807229
6 0.35078125000000004 0.34693975903614455 0.038100961538461535 0.01436144578313253
5 0.1045673076923077 0.3759036144578313 0.08413461538461539 0.10602409638554217
6 0.10606971153846154 0.3876987951807229 0.06310096153846154 0.0187710843373494
5 0.7151442307692307 0.04216867469879518 0.0889423076923077 0.08433734939759036
7 0.501766826923077 0.515012048192771 0.027572115384615386 0.027614457831325302
7 0.5203365384615385 0.5250963855421686 0.031057692307692307 0.033325301204819274
7 0.38181490384615385 0.5255301204819277 0.03286057692307692 0.029373493975903612
7 0.6138581730769231 0.5303493975903615 0.02579326923076923 0.034192771084337346
7 0.6313341346153846 0.556433734939759 0.03189903846153846 0.03816867469879518
7 0.7609014423076924 0.5934698795180723 0.045841346153846156 0.049590361445783125
7 0.05100961538461538 0.6169156626506024 0.03471153846153846 0.04828915662650602
7 0.19346153846153846 0.6263373493975903 0.05519230769230769 0.04785542168674699
5 0.34615384615384615 0.01927710843373494 0.057692307692307696 0.03855421686746988