5 0.7127403846153846 0.025240384615384616 0.0985576923076923 0.05048076923076923
5 0.9050480769230769 0.2848557692307692 0.18509615384615385 0.23317307692307693
3 0.8680408653846154 0.3138701923076923 0.11588942307692308 0.026778846153846157
5 0.5372596153846154 0.32572115384615385 0.0889423076923077 0.12259615384615384
3 0.526201923076923 0.3304807692307692 0.057211538461538466 0.02634615384615385
5 0.5360576923076923 0.03485576923076923 0.09134615384615384 0.06971153846153846
5 0.7139423076923077 0.34134615384615385 0.09615384615384616 0.1201923076923077
6 0.6914423076923076 0.3483894230769231 0.051153846153846154 0.01889423076923077
5 0.38461538461538464 0.35697115384615385 0.09615384615384616 0.12740384615384615
7 0.5015504807692308 0.38502403846153843 0.05117788461538461 0.05850961538461538
7 0.39405048076923077 0.40753605769230766 0.057331730769230774 0.05545673076923077
7 0.43447115384615387 0.42677884615384615 0.056442307692307694 0.06509615384615385
7 0.7523798076923077 0.5244951923076923 0.076875 0.048990384615384616
7 0.6520913461538461 0.5275480769230769 0.05418269230769231 0.050288461538461546
7 0.7519350961538461 0.5666826923076923 0.09040865384615385 0.07086538461538462
5 0.9038461538461539 0.0829326923076923 0.1875 0.1658653846153846
5 0.3858173076923077 0.020432692307692308 0.0985576923076923 0.040865384615384616