4 0.6322115384615384 0.03253012048192771 0.10576923076923077 0.06506024096385542
4 0.22355769230769232 0.3156626506024096 0.11538461538461539 0.15421686746987953
6 0.23606971153846154 0.3256867469879518 0.07310096153846155 0.03450602409638554
3 0.6313341346153846 0.33849397590361446 0.07516826923076923 0.026385542168674697
4 0.6334134615384616 0.3397590361445783 0.10336538461538461 0.13012048192771083
4 0.5408653846153846 0.35903614457831323 0.08653846153846154 0.10602409638554217
4 0.9447115384615384 0.3650602409638554 0.10096153846153846 0.1180722891566265
4 0.8004807692307693 0.3674698795180723 0.10096153846153846 0.12289156626506025
6 0.9389783653846154 0.37171084337349397 0.06064903846153846 0.03016867469879518
3 0.7995793269230769 0.37433734939759034 0.0703125 0.03542168674698795
6 0.40322115384615387 0.3866024096385542 0.08048076923076922 0.031036144578313257
4 0.39783653846153844 0.38674698795180723 0.10817307692307693 0.14216867469879518
7 0.8310336538461538 0.4440240963855422 0.07072115384615385 0.0687710843373494
7 0.5504927884615385 0.4475301204819277 0.048100961538461544 0.06614457831325302
7 0.9035817307692308 0.4966144578313253 0.033125 0.05346987951807229
4 0.2247596153846154 0.05060240963855422 0.11778846153846154 0.10120481927710843
7 0.16462740384615385 0.5772530120481928 0.0792548076923077 0.06053012048192771
4 0.7992788461538461 0.01566265060240964 0.10336538461538461 0.03132530120481928
4 0.9435096153846154 0.01566265060240964 0.10336538461538461 0.03132530120481928
4 0.5420673076923077 0.016867469879518072 0.0889423076923077 0.033734939759036145