4 0.3894230769230769 0.42168674698795183 0.057692307692307696 0.07710843373493977
4 0.12620192307692307 0.43855421686746987 0.04567307692307692 0.05783132530120482
4 0.5072115384615384 0.4397590361445783 0.03365384615384615 0.04578313253012048
4 0.9110576923076923 0.44096385542168676 0.12980769230769232 0.13012048192771083
4 0.625 0.45180722891566266 0.057692307692307696 0.06987951807228916
4 0.2932692307692308 0.4566265060240964 0.028846153846153848 0.04578313253012048
4 0.3269230769230769 0.4578313253012048 0.03365384615384615 0.043373493975903614
4 0.5480769230769231 0.4602409638554217 0.038461538461538464 0.05301204819277108
7 0.3509975961538461 0.4604578313253012 0.03372596153846154 0.05344578313253012
4 0.703125 0.46265060240963857 0.026442307692307692 0.043373493975903614
4 0.7451923076923077 0.4686746987951807 0.052884615384615384 0.05060240963855422
7 0.49215144230769237 0.46987951807228917 0.027572115384615386 0.033734939759036145
7 0.770516826923077 0.5266385542168674 0.05545673076923077 0.070144578313253