5 0.4579326923076923 0.3072289156626506 0.12740384615384615 0.1710843373493976
5 0.5300480769230769 0.03253012048192771 0.17548076923076922 0.06506024096385542
6 0.43992788461538457 0.3287590361445783 0.06254807692307693 0.04546987951807229
5 0.5288461538461539 0.35903614457831323 0.17307692307692307 0.1783132530120482
5 0.7908653846153846 0.39397590361445783 0.14903846153846154 0.16626506024096385
5 0.21754807692307693 0.44457831325301206 0.4014423076923077 0.41204819277108434
5 0.21634615384615385 0.046987951807228916 0.40384615384615385 0.09397590361445783
5 0.4567307692307692 0.05542168674698795 0.12980769230769232 0.1108433734939759
5 0.8197115384615384 0.5590361445783133 0.25 0.29397590361445786
3 0.7746634615384616 0.5886385542168675 0.06375 0.04474698795180723
5 0.421875 0.6590361445783133 0.28125 0.28674698795180725
5 0.4206730769230769 0.927710843373494 0.28365384615384615 0.13493975903614458