5 0.7524038461538461 0.4182692307692308 0.03365384615384615 0.057692307692307696
5 0.4639423076923077 0.421875 0.04807692307692308 0.06490384615384616
5 0.1141826923076923 0.4254807692307692 0.03125 0.04326923076923077
5 0.6971153846153846 0.43149038461538464 0.04326923076923077 0.04567307692307692
5 0.3161057692307692 0.43509615384615385 0.026442307692307692 0.04807692307692308
5 0.2668269230769231 0.4387019230769231 0.03365384615384615 0.040865384615384616
5 0.07692307692307693 0.43990384615384615 0.03365384615384615 0.038461538461538464
5 0.3401442307692308 0.4519230769230769 0.026442307692307692 0.03365384615384615
5 0.3858173076923077 0.45552884615384615 0.026442307692307692 0.036057692307692304
5 0.12980769230769232 0.4639423076923077 0.04807692307692308 0.057692307692307696
7 0.4668028846153846 0.5607692307692308 0.039375 0.025384615384615387
7 0.07481971153846154 0.5828485576923077 0.029447115384615384 0.02627403846153846