4 0.7451923076923077 0.25060240963855424 0.09615384615384616 0.12048192771084337
6 0.33680288461538466 0.27003614457831326 0.038990384615384614 0.019590361445783133
6 0.6691346153846154 0.274855421686747 0.045 0.024409638554216868
4 0.33774038461538464 0.27951807228915665 0.05048076923076923 0.06265060240963856
4 0.6742788461538461 0.2891566265060241 0.06009615384615385 0.06746987951807229
4 0.7463942307692307 0.030120481927710843 0.0985576923076923 0.060240963855421686
6 0.5277644230769231 0.2952289156626506 0.04110576923076924 0.012144578313253012
4 0.8341346153846154 0.29759036144578316 0.0673076923076923 0.0891566265060241
6 0.8393389423076923 0.29873493975903614 0.05367788461538461 0.019156626506024097
4 0.5240384615384616 0.3060240963855422 0.04807692307692308 0.06746987951807229
3 0.24066105769230767 0.30750602409638556 0.029399038461538463 0.017421686746987953
4 0.22716346153846154 0.3096385542168675 0.055288461538461536 0.06987951807228916
7 0.39405048076923077 0.4247349397590361 0.028485576923076922 0.030192771084337346
7 0.45151442307692313 0.4466506024096386 0.03283653846153846 0.04510843373493976
7 0.20373798076923075 0.4790722891566265 0.02766826923076923 0.02802409638554217
7 0.7231009615384616 0.504277108433735 0.05197115384615385 0.049518072289156626