5 0.2668269230769231 0.3894230769230769 0.038461538461538464 0.04807692307692308
4 0.515625 0.3918269230769231 0.03125 0.038461538461538464
4 0.4495192307692308 0.4014423076923077 0.03365384615384615 0.057692307692307696
4 0.6262019230769231 0.4050480769230769 0.04567307692307692 0.055288461538461536
4 0.15264423076923078 0.40384615384615385 0.04567307692307692 0.052884615384615384
4 0.39663461538461536 0.40625 0.03365384615384615 0.052884615384615384
4 0.25961538461538464 0.41346153846153844 0.03365384615384615 0.04326923076923077
4 0.32572115384615385 0.41466346153846156 0.04567307692307692 0.06971153846153846
4 0.48197115384615385 0.4182692307692308 0.055288461538461536 0.052884615384615384
4 0.5540865384615384 0.421875 0.04567307692307692 0.06971153846153846
5 0.03485576923076923 0.4254807692307692 0.06009615384615385 0.07692307692307693
4 0.22596153846153846 0.4411057692307692 0.057692307692307696 0.06971153846153846
4 0.9567307692307693 0.4807692307692308 0.08173076923076923 0.11538461538461539
7 0.4982692307692308 0.4877644230769231 0.030192307692307692 0.02841346153846154
7 0.854423076923077 0.48951923076923076 0.04057692307692307 0.051153846153846154
7 0.2793389423076923 0.5288581730769231 0.034639423076923075 0.02887019230769231
7 0.5052644230769231 0.5843870192307692 0.02495192307692308 0.034158653846153846