4 0.84375 0.26867469879518074 0.08653846153846154 0.10361445783132531
3 0.8209855769230768 0.27836144578313254 0.04581730769230769 0.02178313253012048
4 0.7055288461538461 0.2987951807228916 0.055288461538461536 0.07228915662650602
4 0.9290865384615384 0.3204819277108434 0.036057692307692304 0.05301204819277108
5 0.6057692307692307 0.3240963855421687 0.038461538461538464 0.05542168674698795
4 0.6730769230769231 0.3289156626506024 0.04807692307692308 0.04578313253012048
4 0.4423076923076923 0.3313253012048193 0.0673076923076923 0.06987951807228916
5 0.46634615384615385 0.344578313253012 0.03365384615384615 0.05783132530120482
5 0.5444711538461539 0.3433734939759036 0.040865384615384616 0.05542168674698795
5 0.5108173076923077 0.3457831325301205 0.03125 0.04578313253012048
5 0.1778846153846154 0.3493975903614458 0.07211538461538461 0.0819277108433735
4 0.7043269230769231 0.03614457831325301 0.057692307692307696 0.07228915662650602
5 0.37259615384615385 0.43614457831325304 0.10096153846153846 0.0963855421686747
3 0.3850841346153846 0.4370120481927711 0.06343750000000001 0.03546987951807229
5 0.5096153846153846 0.004819277108433735 0.03365384615384615 0.00963855421686747
7 0.7071514423076923 0.4937590361445783 0.05372596153846154 0.03812048192771084
5 0.2764423076923077 0.519277108433735 0.15384615384615385 0.14216867469879518
7 0.7803485576923077 0.5577469879518072 0.031850961538461536 0.06489156626506024
7 0.43447115384615387 0.5864578313253012 0.056442307692307694 0.05484337349397591
4 0.84375 0.06385542168674699 0.08653846153846154 0.10361445783132531
5 0.5432692307692307 0.008433734939759036 0.04326923076923077 0.016867469879518072
5 0.4675480769230769 0.00963855421686747 0.036057692307692304 0.01927710843373494
4 0.6742788461538461 0.01325301204819277 0.05048076923076923 0.02650602409638554
5 0.17908653846153846 0.01325301204819277 0.07451923076923077 0.02650602409638554
4 0.44350961538461536 0.018072289156626505 0.06971153846153846 0.03614457831325301
5 0.6069711538461539 0.018072289156626505 0.040865384615384616 0.03614457831325301
4 0.9278846153846154 0.020481927710843374 0.038461538461538464 0.04096385542168675