5 0.9338942307692307 0.25 0.11778846153846154 0.13942307692307693
5 0.6959134615384616 0.30288461538461536 0.09375 0.11538461538461539
5 0.4326923076923077 0.30528846153846156 0.08653846153846154 0.10576923076923077
6 0.4295913461538462 0.3197716346153846 0.061105769230769234 0.014543269230769231
5 0.9326923076923077 0.036057692307692304 0.1201923076923077 0.07211538461538461
5 0.18269230769230768 0.5168269230769231 0.08653846153846154 0.09615384615384616
7 0.39448317307692304 0.5179326923076923 0.04377403846153846 0.04067307692307693
7 0.5286418269230769 0.536298076923077 0.04286057692307692 0.058173076923076925
5 0.06009615384615385 0.5889423076923077 0.11057692307692307 0.10576923076923077
7 0.9843028846153847 0.6230769230769231 0.03110576923076923 0.058653846153846154
7 0.14146634615384615 0.622860576923077 0.03774038461538461 0.038990384615384614
7 0.22689903846153847 0.6449399038461539 0.040336538461538465 0.04949519230769231
7 0.14823317307692307 0.7256009615384615 0.10415865384615385 0.04735576923076923