5 0.5012019230769231 0.4387019230769231 0.05048076923076923 0.06971153846153846
5 0.3798076923076923 0.43990384615384615 0.057692307692307696 0.0673076923076923
4 0.6538461538461539 0.4495192307692308 0.04326923076923077 0.057692307692307696
4 0.5336538461538461 0.4543269230769231 0.03365384615384615 0.052884615384615384
4 0.6081730769230769 0.4543269230769231 0.038461538461538464 0.038461538461538464
5 0.3161057692307692 0.4579326923076923 0.036057692307692304 0.055288461538461536
4 0.4543269230769231 0.46153846153846156 0.028846153846153848 0.04326923076923077
4 0.8365384615384616 0.46634615384615385 0.052884615384615384 0.0625
4 0.7331730769230769 0.4723557692307692 0.03365384615384615 0.040865384615384616
4 0.1466346153846154 0.4723557692307692 0.052884615384615384 0.06971153846153846
5 0.23197115384615385 0.47475961538461536 0.05048076923076923 0.06971153846153846
5 0.9411057692307693 0.47716346153846156 0.04567307692307692 0.06971153846153846
7 0.5638221153846155 0.6103966346153846 0.04110576923076924 0.038100961538461535
7 0.4550120192307692 0.6167307692307692 0.030216346153846156 0.026730769230769228
7 0.3068629807692308 0.6263581730769231 0.022379807692307692 0.026754807692307696
7 0.20155048076923077 0.6379447115384616 0.018485576923076924 0.025889423076923077