5 0.16466346153846154 0.4326923076923077 0.08413461538461539 0.11538461538461539
5 0.453125 0.43990384615384615 0.07932692307692307 0.11538461538461539
6 0.4504206730769231 0.45038461538461544 0.0546875 0.030576923076923078
6 0.1700841346153846 0.45125 0.046899038461538464 0.022692307692307692
5 0.30649038461538464 0.4543269230769231 0.08413461538461539 0.11538461538461539
5 0.5829326923076923 0.4567307692307692 0.07451923076923077 0.11057692307692307
6 0.5826081730769231 0.46240384615384617 0.0642548076923077 0.02576923076923077
6 0.3075240384615385 0.46415865384615385 0.05735576923076923 0.01966346153846154
7 0.36149038461538463 0.6974038461538462 0.03548076923076923 0.04384615384615384
7 0.6516586538461537 0.7000240384615384 0.029278846153846152 0.049086538461538466
7 0.1078125 0.715985576923077 0.04735576923076923 0.03774038461538461