5 0.1141826923076923 0.3265060240963855 0.03125 0.04578313253012048
5 0.296875 0.4674698795180723 0.03125 0.03855421686746988
5 0.4338942307692308 0.3421686746987952 0.021634615384615384 0.043373493975903614
5 0.8317307692307693 0.43614457831325304 0.03365384615384615 0.033734939759036145
5 0.6514423076923077 0.4855421686746988 0.03365384615384615 0.03614457831325301
5 0.5769230769230769 0.38072289156626504 0.03365384615384615 0.033734939759036145
5 0.45913461538461536 0.39879518072289155 0.03365384615384615 0.02650602409638554
5 0.49278846153846156 0.363855421686747 0.03365384615384615 0.02891566265060241
5 0.4951923076923077 0.3927710843373494 0.03365384615384615 0.03855421686746988
5 0.6574519230769231 0.6903614457831325 0.026442307692307692 0.04578313253012048
5 0.11298076923076923 0.004819277108433735 0.03365384615384615 0.00963855421686747
5 0.65625 0.9819277108433735 0.028846153846153848 0.02650602409638554