4 0.28846153846153844 0.024096385542168676 0.14903846153846154 0.04819277108433735
4 0.5120192307692307 0.28433734939759037 0.125 0.13975903614457832
6 0.5236057692307692 0.2901927710843374 0.09048076923076923 0.040626506024096384
4 0.28966346153846156 0.3397590361445783 0.1466346153846154 0.17349397590361446
3 0.31603365384615384 0.3423493975903614 0.10802884615384614 0.05819277108433735
7 0.7117307692307692 0.3550602409638554 0.10134615384615384 0.08843373493975905
6 0.8030649038461538 0.3587831325301205 0.08689903846153846 0.0332289156626506
4 0.7872596153846154 0.3602409638554217 0.10336538461538461 0.12771084337349398
4 0.171875 0.3614457831325301 0.055288461538461536 0.07228915662650602
4 0.038461538461538464 0.36987951807228914 0.02403846153846154 0.03132530120481928
4 0.515625 0.043373493975903614 0.12740384615384615 0.08674698795180723
7 0.9356971153846154 0.7155180722891566 0.04927884615384615 0.047903614457831326
7 0.6595192307692308 0.7450963855421686 0.045 0.05886746987951807