3 0.14911057692307692 0.3469518072289157 0.0770673076923077 0.03366265060240964
4 0.12860576923076922 0.3578313253012048 0.11778846153846154 0.13253012048192772
3 0.3101442307692308 0.3973493975903615 0.06259615384615384 0.038072289156626506
4 0.29086538461538464 0.39879518072289155 0.09615384615384616 0.1180722891566265
3 0.5275480769230769 0.4166265060240964 0.06471153846153846 0.038072289156626506
4 0.5192307692307693 0.42168674698795183 0.08653846153846154 0.10120481927710843
4 0.3401442307692308 0.42409638554216866 0.04567307692307692 0.0819277108433735
4 0.6658653846153846 0.43493975903614457 0.0625 0.07951807228915662
6 0.669795673076923 0.4354698795180723 0.027091346153846153 0.017927710843373496
4 0.6033653846153846 0.4457831325301205 0.0673076923076923 0.08674698795180723
4 0.8317307692307693 0.4506024096385542 0.07211538461538461 0.0819277108433735
6 0.6088341346153846 0.44906024096385544 0.03497596153846154 0.030650602409638555
4 0.12740384615384615 0.020481927710843374 0.1201923076923077 0.04096385542168675