5 0.24639423076923078 0.027710843373493974 0.12259615384615384 0.05542168674698795
5 0.24519230769230768 0.27590361445783135 0.1201923076923077 0.13253012048192772
6 0.26600961538461537 0.2901927710843374 0.07048076923076924 0.021349397590361443
5 0.40865384615384615 0.3265060240963855 0.09134615384615384 0.12289156626506025
5 0.9723557692307693 0.3349397590361446 0.05048076923076923 0.1783132530120482
5 0.7752403846153846 0.3409638554216867 0.18028846153846154 0.1855421686746988
3 0.7126442307692307 0.34922891566265063 0.050288461538461546 0.018939759036144577
5 0.5829326923076923 0.35542168674698793 0.07451923076923077 0.09879518072289156
3 0.5749399038461539 0.3704698795180723 0.058533653846153846 0.02768674698795181
5 0.9170673076923077 0.39156626506024095 0.10817307692307693 0.13734939759036144
7 0.32390625 0.44686746987951803 0.05165865384615384 0.04072289156626506
7 0.33526442307692306 0.5077831325301204 0.05514423076923077 0.056530120481927716
7 0.6356971153846154 0.853566265060241 0.06947115384615385 0.08303614457831325