0 0.9124015748031497 0.40976331360946744 0.17519685039370078 0.6834319526627219
0 0.687992125984252 0.33136094674556216 0.15551181102362205 0.5502958579881657
0 0.5275590551181102 0.27662721893491127 0.13385826771653545 0.4467455621301775
0 0.39468503937007876 0.23816568047337278 0.12401574803149606 0.3816568047337278
0 0.2795275590551181 0.20710059171597633 0.07874015748031496 0.33136094674556216
0 0.21161417322834647 0.1834319526627219 0.0610236220472441 0.2958579881656805
0 0.1545275590551181 0.16863905325443787 0.0610236220472441 0.26627218934911245
0 0.11811023622047244 0.15236686390532544 0.03937007874015748 0.2455621301775148
0 0.05708661417322835 0.13165680473372782 0.03543307086614173 0.21597633136094674
0 0.8740157480314961 0.128698224852071 0.051181102362204724 0.21597633136094674
0 0.7992125984251969 0.12130177514792899 0.05511811023622047 0.1952662721893491
0 0.6013779527559056 0.10059171597633136 0.03346456692913386 0.15976331360946747