0 0.1673228346456693 0.6666666666666666 0.21653543307086615 0.5722713864306784
0 0.5246062992125984 0.6519174041297935 0.22244094488188976 0.5722713864306784
0 0.8877952755905512 0.6371681415929203 0.22440944881889763 0.5545722713864307
0 0.9576771653543307 0.4277286135693215 0.08464566929133858 0.3480825958702065
0 0.7490157480314961 0.3864306784660767 0.13976377952755906 0.31268436578171094
0 0.6505905511811023 0.43805309734513276 0.13976377952755906 0.36283185840707965
0 0.5708661417322834 0.3421828908554572 0.1141732283464567 0.2890855457227139
0 0.3868110236220472 0.4410029498525074 0.13976377952755906 0.35693215339233036
0 0.12696850393700787 0.45132743362831856 0.14763779527559054 0.36578171091445427
0 0.18799212598425197 0.2581120943952802 0.08858267716535433 0.22713864306784662
0 0.054133858267716536 0.24188790560471976 0.09645669291338582 0.22418879056047197
0 0.3257874015748031 0.28466076696165193 0.11220472440944881 0.25663716814159293
0 0.452755905511811 0.3141592920353982 0.1062992125984252 0.2743362831858407
0 0.07381889763779527 0.12831858407079647 0.05708661417322835 0.1504424778761062
0 0.15846456692913385 0.13126843657817108 0.04921259842519685 0.1504424778761062
0 0.2372047244094488 0.13126843657817108 0.05708661417322835 0.1504424778761062
0 0.31496062992125984 0.13569321533923304 0.047244094488188976 0.1415929203539823
0 0.39665354330708663 0.13569321533923304 0.0531496062992126 0.14749262536873156
0 0.4744094488188976 0.140117994100295 0.047244094488188976 0.13864306784660768
0 0.5639763779527559 0.14454277286135694 0.05708661417322835 0.13569321533923304
0 0.6496062992125984 0.15339233038348082 0.05511811023622047 0.12389380530973451
0 0.7480314960629921 0.14896755162241887 0.05511811023622047 0.1504424778761062
0 0.8474409448818898 0.14896755162241887 0.0531496062992126 0.14454277286135694
0 0.9517716535433071 0.15339233038348082 0.05708661417322835 0.1592920353982301