0 0.1181640625 0.6059701492537314 0.126953125 0.191044776119403
0 0.251953125 0.7283582089552239 0.15625 0.22686567164179106
0 0.462890625 0.8014925373134328 0.16015625 0.373134328358209
0 0.7724609375 0.6656716417910448 0.138671875 0.3522388059701492
0 0.1416015625 0.3850746268656716 0.115234375 0.2626865671641791
0 0.34375 0.18358208955223881 0.078125 0.2
0 0.525390625 0.11940298507462686 0.0703125 0.1791044776119403
0 0.58984375 0.18358208955223881 0.109375 0.11641791044776119
0 0.6884765625 0.24328358208955222 0.095703125 0.12238805970149254
0 0.7822265625 0.26119402985074625 0.080078125 0.21791044776119403
0 0.826171875 0.48955223880597015 0.125 0.29253731343283584