0 0.3555992141453831 0.93952802359882 0.03536345776031434 0.12094395280235988
0 0.6394891944990176 0.9424778761061947 0.029469548133595286 0.11504424778761062
0 0.7426326129666012 0.93952802359882 0.03536345776031434 0.12094395280235988
0 0.1856581532416503 0.9336283185840708 0.021611001964636542 0.13274336283185842
0 0.27013752455795675 0.8952802359882006 0.03732809430255403 0.10914454277286136
0 0.22789783889980353 0.8908554572271387 0.03143418467583497 0.10029498525073746
0 0.06286836935166994 0.9454277286135693 0.03536345776031434 0.10914454277286136
0 0.9243614931237721 0.9277286135693216 0.04911591355599214 0.14454277286135694
0 0.6836935166994106 0.8864306784660767 0.03929273084479371 0.12094395280235988
0 0.9263261296660118 0.8082595870206489 0.029469548133595286 0.08259587020648967
0 0.8644400785854617 0.7890855457227138 0.019646365422396856 0.07374631268436578
0 0.8212180746561886 0.7787610619469026 0.023575638506876228 0.058997050147492625
0 0.787819253438114 0.7684365781710915 0.015717092337917484 0.05604719764011799
0 0.7612966601178782 0.7595870206489675 0.0137524557956778 0.05014749262536873
0 0.650294695481336 0.8451327433628318 0.0275049115913556 0.09734513274336283
0 0.6237721021611002 0.8230088495575221 0.025540275049115914 0.07669616519174041
0 0.3182711198428291 0.8539823008849557 0.019646365422396856 0.07964601769911504
0 0.3506876227897839 0.8259587020648967 0.021611001964636542 0.07669616519174041
0 0.37229862475442044 0.8097345132743363 0.021611001964636542 0.06784660766961652
0 0.3899803536345776 0.7964601769911505 0.01768172888015717 0.05309734513274336
0 0.15422396856581533 0.9351032448377581 0.03339882121807466 0.12979351032448377
0 0.5962671905697446 0.7861356932153393 0.0137524557956778 0.05604719764011799
0 0.5854616895874263 0.7787610619469026 0.011787819253438114 0.05309734513274336
0 0.7357563850687623 0.7581120943952803 0.01768172888015717 0.04129793510324484
0 0.9823182711198428 0.7669616519174042 0.019646365422396856 0.0471976401179941
0 0.93713163064833 0.7536873156342183 0.011787819253438114 0.05604719764011799
0 0.899803536345776 0.7507374631268436 0.015717092337917484 0.04424778761061947
0 0.8683693516699411 0.7477876106194691 0.015717092337917484 0.038348082595870206
0 0.7190569744597249 0.7551622418879056 0.011787819253438114 0.035398230088495575
0 0.6522593320235757 0.8451327433628318 0.0275049115913556 0.09734513274336283
0 0.7033398821218074 0.7492625368731564 0.007858546168958742 0.035398230088495575
0 0.6886051080550099 0.7463126843657817 0.005893909626719057 0.029498525073746312
0 0.6777996070726916 0.7418879056047197 0.007858546168958742 0.02064896755162242