0 0.20710059171597633 0.6464497041420119 0.05128205128205128 0.12130177514792899
0 0.257396449704142 0.6479289940828402 0.05719921104536489 0.11834319526627218
0 0.3116370808678501 0.6523668639053254 0.055226824457593686 0.12130177514792899
0 0.3668639053254438 0.6523668639053254 0.05128205128205128 0.11538461538461539
0 0.42209072978303747 0.6538461538461539 0.05128205128205128 0.11834319526627218
0 0.47534516765285995 0.6523668639053254 0.047337278106508875 0.10946745562130178
0 0.5276134122287969 0.650887573964497 0.04142011834319527 0.1242603550295858
0 0.5818540433925049 0.650887573964497 0.05128205128205128 0.1301775147928994
0 0.6351084812623274 0.6523668639053254 0.055226824457593686 0.12130177514792899
0 0.6883629191321499 0.6479289940828402 0.05917159763313609 0.1301775147928994
0 0.7445759368836292 0.650887573964497 0.04930966469428008 0.11834319526627218
0 0.796844181459566 0.6494082840236687 0.047337278106508875 0.12721893491124261
0 0.849112426035503 0.6494082840236687 0.05325443786982249 0.12130177514792899