0 0.09763313609467456 0.6282051282051282 0.15384615384615385 0.15581854043392504
0 0.28550295857988167 0.6331360946745562 0.1390532544378698 0.1301775147928994
0 0.4230769230769231 0.6390532544378699 0.10650887573964497 0.11045364891518737
0 0.5133136094674556 0.6439842209072978 0.07396449704142012 0.09270216962524655
0 0.5946745562130178 0.6499013806706114 0.07692307692307693 0.08481262327416174
0 0.6464497041420119 0.6499013806706114 0.05621301775147929 0.07297830374753451
0 0.6997041420118343 0.6538461538461539 0.05029585798816568 0.0650887573964497
0 0.742603550295858 0.6528599605522682 0.029585798816568046 0.0631163708086785
0 0.7736686390532544 0.6568047337278107 0.026627218934911243 0.055226824457593686
0 0.8002958579881657 0.6558185404339251 0.020710059171597635 0.05325443786982249
0 0.8224852071005917 0.6538461538461539 0.023668639053254437 0.04930966469428008
0 0.8431952662721893 0.6568047337278107 0.01775147928994083 0.04339250493096647