0 0.19625246548323472 0.9541420118343196 0.03747534516765286 0.09171597633136094
0 0.2958579881656805 0.8520710059171598 0.07100591715976332 0.15976331360946747
0 0.35700197238658776 0.7618343195266272 0.055226824457593686 0.13313609467455623
0 0.398422090729783 0.6952662721893491 0.04339250493096647 0.11242603550295859
0 0.4280078895463511 0.6464497041420119 0.03550295857988166 0.09763313609467456
0 0.4516765285996055 0.6050295857988166 0.027613412228796843 0.07988165680473373
0 0.46844181459566075 0.5784023668639053 0.02564102564102564 0.07396449704142012
0 0.4822485207100592 0.5562130177514792 0.021696252465483234 0.05917159763313609
0 0.4940828402366864 0.5384615384615384 0.021696252465483234 0.05325443786982249
0 0.504930966469428 0.5236686390532544 0.015779092702169626 0.05325443786982249
0 0.5118343195266272 0.507396449704142 0.013806706114398421 0.04437869822485207