0 0.7712031558185405 0.46893491124260356 0.34714003944773175 0.8254437869822485
0 0.3619329388560158 0.643491124260355 0.10848126232741617 0.26331360946745563
0 0.28500986193293887 0.6701183431952663 0.05325443786982249 0.15680473372781065
0 0.21794871794871795 0.6952662721893491 0.04930966469428008 0.11834319526627218
0 0.1873767258382643 0.6967455621301775 0.027613412228796843 0.08579881656804733
0 0.15877712031558186 0.6997041420118343 0.021696252465483234 0.06804733727810651
0 0.13609467455621302 0.6997041420118343 0.011834319526627219 0.05621301775147929
0 0.11735700197238659 0.7071005917159763 0.013806706114398421 0.05325443786982249
0 0.10059171597633136 0.7041420118343196 0.007889546351084813 0.04142011834319527
0 0.08284023668639054 0.7041420118343196 0.011834319526627219 0.03550295857988166
0 0.06607495069033531 0.7071005917159763 0.005917159763313609 0.03550295857988166
0 0.05128205128205128 0.7071005917159763 0.007889546351084813 0.029585798816568046
0 0.03057199211045365 0.7056213017751479 0.005917159763313609 0.03254437869822485
0 0.011834319526627219 0.7056213017751479 0.007889546351084813 0.026627218934911243