0 0.20216962524654833 0.6316568047337278 0.1873767258382643 0.4881656804733728
0 0.373767258382643 0.5266272189349113 0.14792899408284024 0.40828402366863903
0 0.6962524654832347 0.6050295857988166 0.1814595660749507 0.28106508875739644
0 0.13708086785009863 0.10207100591715976 0.04930966469428008 0.12721893491124261
0 0.3214990138067061 0.08579881656804733 0.03944773175542406 0.10650887573964497
0 0.4546351084812623 0.07840236686390532 0.03353057199211045 0.09763313609467456
0 0.5571992110453649 0.0695266272189349 0.029585798816568046 0.08579881656804733
0 0.6331360946745562 0.06360946745562131 0.01972386587771203 0.07988165680473373
0 0.7130177514792899 0.060650887573964495 0.013806706114398421 0.0621301775147929
0 0.9122287968441815 0.21005917159763313 0.0650887573964497 0.16568047337278108
0 0.9763313609467456 0.17011834319526628 0.03944773175542406 0.13313609467455623