0 0.47041420118343197 0.7618343195266272 0.14792899408284024 0.4408284023668639
0 0.4990138067061144 0.5443786982248521 0.0670611439842209 0.23076923076923078
0 0.4250493096646943 0.46597633136094674 0.0611439842209073 0.15680473372781065
0 0.46055226824457596 0.4452662721893491 0.04142011834319527 0.1390532544378698
0 0.5887573964497042 0.39349112426035504 0.02564102564102564 0.09467455621301775
0 0.6341222879684418 0.3801775147928994 0.01775147928994083 0.07396449704142012
0 0.6676528599605522 0.371301775147929 0.01775147928994083 0.06804733727810651
0 0.6834319526627219 0.3594674556213018 0.013806706114398421 0.05621301775147929
0 0.7051282051282052 0.35502958579881655 0.009861932938856016 0.047337278106508875
0 0.7199211045364892 0.35355029585798814 0.007889546351084813 0.04437869822485207
0 0.9743589743589743 0.3905325443786982 0.007889546351084813 0.05325443786982249
0 0.9506903353057199 0.3772189349112426 0.011834319526627219 0.05029585798816568
0 0.9309664694280079 0.3609467455621302 0.011834319526627219 0.047337278106508875