0 0.1282051282051282 0.7470414201183432 0.21696252465483234 0.40532544378698226
0 0.2968441814595661 0.7914201183431953 0.09270216962524655 0.21005917159763313
0 0.3609467455621302 0.8047337278106509 0.055226824457593686 0.14201183431952663
0 0.8520710059171598 0.7411242603550295 0.21696252465483234 0.4171597633136095
0 0.6666666666666666 0.7943786982248521 0.09072978303747535 0.21597633136094674
0 0.6035502958579881 0.8106508875739645 0.047337278106508875 0.14201183431952663
0 0.5729783037475346 0.8269230769230769 0.03353057199211045 0.11538461538461539
0 0.5562130177514792 0.8313609467455622 0.01972386587771203 0.08875739644970414
0 0.5404339250493096 0.8328402366863905 0.011834319526627219 0.07988165680473373
0 0.3875739644970414 0.8180473372781065 0.021696252465483234 0.10355029585798817
0 0.40631163708086787 0.8298816568047337 0.015779092702169626 0.09763313609467456