2 0.5933333333333334 0.25875 0.043333333333333335 0.0725
2 0.7766666666666666 0.26 0.056666666666666664 0.095
2 0.7266666666666667 0.30125 0.03 0.0825
2 0.63 0.3175 0.03666666666666667 0.035
6 0.17309166666666667 0.0385 0.10285 0.062
6 0.58 0.41497500000000004 0.05 0.03495
2 0.51 0.41625 0.056666666666666664 0.1025
4 0.573025 0.41795000000000004 0.08271666666666667 0.1659
2 0.3308333333333333 0.615 0.10833333333333334 0.17
4 0.6043833333333333 0.6894125 0.1121 0.208825
6 0.5951416666666667 0.7098375 0.08695 0.034675
1 0.765 0.085 0.1 0.16
2 0.7541666666666667 0.87875 0.075 0.1225
4 0.3912333333333333 0.12332499999999999 0.1258 0.19665
1 0.4033333333333333 0.155 0.14333333333333334 0.175
1 0.6233333333333333 0.15875 0.07666666666666666 0.1225