3 0.3952306489444879 0.21412169919632607 0.04300234558248632 0.02640642939150402
3 0.22752150117279124 0.23421354764638347 0.05629397967161845 0.03214695752009185
1 0.39796716184519154 0.2359357060849598 0.0875684128225176 0.15958668197474168
3 0.5633307271305708 0.23880597014925373 0.0508209538702111 0.03214695752009185
3 0.04691164972634871 0.2525832376578645 0.0656763096168882 0.0574052812858783
1 0.5672400312744331 0.2600459242250287 0.0727130570758405 0.14121699196326062
3 0.7251759186864738 0.26119402985074625 0.05394839718530102 0.024110218140068886
1 0.04300234558248632 0.2766934557979334 0.08444096950742767 0.2020665901262916
1 0.727130570758405 0.2766934557979334 0.0797498045347928 0.16073478760045926
3 0.903440187646599 0.31917336394948337 0.06802189210320563 0.03673938002296211
1 0.8991399530883503 0.34443168771526983 0.10633307271305707 0.20436280137772675
2 0.7857701329163409 0.3817451205510907 0.026583268178264268 0.08151549942594719
2 0.6297888975762315 0.3851894374282434 0.03049257232212666 0.07692307692307693
2 0.2904612978889758 0.44202066590126293 0.04769351055512119 0.06659012629161883
2 0.18999218139171228 0.4494833524684271 0.04847537138389367 0.0677382319173364
2 0.5340109460516028 0.48679678530424797 0.03752931978107897 0.0711825487944891
2 0.6051602814698983 0.48794489092996557 0.0328381548084441 0.06888633754305395
2 0.8014073494917905 0.4896670493685419 0.03127443315089914 0.09758897818599312
2 0.4546520719311962 0.4931113662456946 0.04143862392494136 0.07233065442020666
2 0.9749804534792806 0.5022962112514351 0.03596559812353401 0.1044776119402985
2 0.36630179827990617 0.5068886337543054 0.0398749022673964 0.0677382319173364
2 0.03049257232212666 0.5642939150401837 0.05942142298670837 0.060849598163030996
2 0.13017982799061767 0.6251435132032147 0.03205629397967162 0.09070034443168772