2 0.75 0.2825 0.03333333333333333 0.1
2 0.5258333333333334 0.30875 0.065 0.0825
2 0.06833333333333333 0.37625 0.03666666666666667 0.0475
2 0.3541666666666667 0.43625 0.041666666666666664 0.0575
2 0.45 0.46875 0.03333333333333333 0.0675
2 0.38166666666666665 0.47 0.043333333333333335 0.055
2 0.6333333333333333 0.48875 0.03333333333333333 0.0875
2 0.28 0.52125 0.03666666666666667 0.1275
1 0.13666666666666666 0.175 0.056666666666666664 0.085
1 0.20166666666666666 0.19125 0.07666666666666666 0.1425
1 0.3675 0.21 0.075 0.115
1 0.76 0.21 0.08 0.15
1 0.5225 0.21125 0.065 0.1375
2 0.10833333333333334 0.23625 0.03333333333333333 0.0975